[A32X]
max_gross_weight = 174165
empty_weight = 90400
reference_datum_position = 0, 0, 0
empty_weight_CG_position = -9, 0, 0
max_number_of_stations = 6 ; Number of payload stations
station_load.0 = 170, 35.59, -1.86, 5.017127
station_load.1 = 170, 35.59, 1.86, 5.017127
station_load.2 = 6115, 20.845893, 0, 5.039792
station_load.3 = 3505, 21.825772, 0, 0.94849
station_load.4 = 4000, -21.223969, 0, 5.794459
station_load.5 = 6310, -35.825745, 0.000001, 1.007935
LeftMain = -9, -13, 2, 1800, 0
RightMain = -9, 13, 2, 1800, 0
Center1 = -11, 0, 1, 3000, 0
Center2 = 0, 0, 0, 0, 0
Center3 = 0, 0, 0, 0, 0
LeftAux = -13, -27, 3, 200, 0
LeftTip = 0, 0, 0, 0, 0
RightAux = -13, 27, 3, 200, 0
RightTip = 0, 0, 0, 0, 0
wing_area = 1313.2
wing_span = 117.454
wing_root_chord = 21
wing_sweep = 28
wing_pos_apex_lon = 0